BldgA : 0 5 7 0 5 7 0 5 7 0 5 7 1 1 3
BldgB : 4 0 3 4 0 3 4 0 3 4 0 3 1 1 3
BldgC : 6 4 0 6 4 0 6 4 0 6 4 0 1 1 3
BldgD : 0 5 7 0 5 7 0 5 7 0 5 7 1 1 3
BldgE : 4 0 3 4 0 3 4 0 3 4 0 3 1 1 3
BldgF : 6 4 0 6 4 0 6 4 0 6 4 0 1 1 3
BldgG : 0 5 7 0 5 7 0 5 7 0 5 7 1 1 3
BldgH : 4 0 3 4 0 3 4 0 3 4 0 3 1 1 3
BldgI : 6 4 0 6 4 0 6 4 0 6 4 0 1 1 3
BldgJ : 0 5 7 0 5 7 0 5 7 0 5 7 1 1 3
BldgK : 4 0 3 4 0 3 4 0 3 4 0 3 1 1 3
BldgL : 6 4 0 6 4 0 6 4 0 6 4 0 1 1 3
BldgM : 0 5 7 0 5 7 0 5 7 0 5 7 1 1 3
BldgN : 4 0 3 4 0 3 4 0 3 4 0 3 1 1 3
BldgO : 6 4 0 6 4 0 6 4 0 6 4 0 1 1 3